Sender
    
------------------
    
weights:
    
[[  1.   5.   4.   1.   1. 103. 424.   1.   2.   1.]
 [  2.   1. 644.   1.   1.   2.   2.   1.   2.   1.]
 [444.   1.   1.   3.   1.   1.   2.   1.  43.   1.]
 [  2.   1.   1.  21.   1.   1. 202.   1.   1.   1.]
 [  2.   2.   2.  57. 655.   1.   1.   1.   1.   1.]
 [  3.   5.  14. 194.   1.  10.   2.   1.   1.  29.]
 [  1. 671.   3.   1.   3.  11.   1.   1.   1.   4.]
 [296.   1.   1.   1.   1.   5.   2.   1.   1.   1.]
 [  5.   1.   2.   1.   6.   1.   1. 791.   6.   1.]
 [  3.   2.   1.   1.   1.   2.   4.   1.   1. 673.]]
    
distribution:
    
[[0.   0.01 0.01 0.   0.   0.19 0.78 0.   0.   0.  ]
 [0.   0.   0.98 0.   0.   0.   0.   0.   0.   0.  ]
 [0.89 0.   0.   0.01 0.   0.   0.   0.   0.09 0.  ]
 [0.01 0.   0.   0.09 0.   0.   0.87 0.   0.   0.  ]
 [0.   0.   0.   0.08 0.91 0.   0.   0.   0.   0.  ]
 [0.01 0.02 0.05 0.75 0.   0.04 0.01 0.   0.   0.11]
 [0.   0.96 0.   0.   0.   0.02 0.   0.   0.   0.01]
 [0.95 0.   0.   0.   0.   0.02 0.01 0.   0.   0.  ]
 [0.01 0.   0.   0.   0.01 0.   0.   0.97 0.01 0.  ]
 [0.   0.   0.   0.   0.   0.   0.01 0.   0.   0.98]]
    


    
Receiver
    
------------------
    
weights:
    
[[  1.   2. 444.   2.   2.   3.   1. 296.   5.   3.]
 [  5.   1.   1.   1.   2.   5. 671.   1.   1.   2.]
 [  4. 644.   1.   1.   2.  14.   3.   1.   2.   1.]
 [  1.   1.   3.  21.  57. 194.   1.   1.   1.   1.]
 [  1.   1.   1.   1. 655.   1.   3.   1.   6.   1.]
 [103.   2.   1.   1.   1.  10.  11.   5.   1.   2.]
 [424.   2.   2. 202.   1.   2.   1.   2.   1.   4.]
 [  1.   1.   1.   1.   1.   1.   1.   1. 791.   1.]
 [  2.   2.  43.   1.   1.   1.   1.   1.   6.   1.]
 [  1.   1.   1.   1.   1.  29.   4.   1.   1. 673.]]
    
distribution:
    
[[0.   0.   0.89 0.01 0.   0.01 0.   0.95 0.01 0.  ]
 [0.01 0.   0.   0.   0.   0.02 0.96 0.   0.   0.  ]
 [0.01 0.98 0.   0.   0.   0.05 0.   0.   0.   0.  ]
 [0.   0.   0.01 0.09 0.08 0.75 0.   0.   0.   0.  ]
 [0.   0.   0.   0.   0.91 0.   0.   0.   0.01 0.  ]
 [0.19 0.   0.   0.   0.   0.04 0.02 0.02 0.   0.  ]
 [0.78 0.   0.   0.87 0.   0.01 0.   0.01 0.   0.01]
 [0.   0.   0.   0.   0.   0.   0.   0.   0.97 0.  ]
 [0.   0.   0.09 0.   0.   0.   0.   0.   0.01 0.  ]
 [0.   0.   0.   0.   0.   0.11 0.01 0.   0.   0.98]]
    