1	1	90	M
1	2	26	M
1	3	38	M
1	4	35	M
1	5	80	M
1	6	48	M
1	7	26	M
1	8	39	M
1	9	47	F
1	10	49	M
1	11	40	F
1	12	45	M
1	13	50	M
1	14	30	M
1	15	21	M
1	16	60	F
1	17	32	M
1	18	67	M
1	19	15	M
1	20	42	M
1	21	40	M
1	22	47	M
1	23	23	F
1	24	45	F
1	25	30	F
2	1	20	F
2	2	40	F
2	3	45	F
2	4	45	F
2	5	50	F
2	6	50	F
2	7	50	F
2	8	55	F
2	9	55	F
2	10	55	F
2	11	60	F
2	12	60	F
2	13	35	M
2	14	40	M
2	15	45	M
2	16	45	M
2	17	0	M
2	18	0	M
2	19	0	m
2	20	0	m
2	21	0	m
2	22	0	m
2	23	65	M
2	24	0	M
3	1	26	F
3	2	26	F
3	3	30	F
3	4	35	F
3	5	38	F
3	6	40	F
3	7	43	F
3	8	46	F
3	9	46	F
3	10	52	F
3	11	59	F
3	12	60	F
3	13	61	F
3	14	62	F
3	15	19	M
3	16	21	M
3	17	30	M
3	18	40	M
3	19	41	M
3	20	42	M
3	21	47	M
3	22	53	M
3	23	62	M
3	24	65	M
3	25	66	M
4	1	15	F
4	2	17	F
4	3	18	F
4	4	20	F
4	5	20	F
4	6	22	F
4	7	23	F
4	8	24	F
4	9	24	F
4	10	28	F
4	11	30	F
4	12	30	F
4	13	35	F
4	14	35	F
4	15	36	F
4	16	47	F
4	17	48	F
4	18	60	F
4	19	78	F
4	20	75	F
4	21	0	F
4	22	15	M
4	23	19	M
4	24	19	M
4	25	23	M
4	26	24	M
4	27	25	M
4	28	29	M
4	29	32	M
4	30	37	M
4	31	37	M
4	32	50	M
4	33	58	M
4	34	77	M
4	35	0	M
5	1	29	M
5	2	20	M
5	3	40	F
5	4	16	F
5	5	24	M
5	6	30	M
6	1	40	M
6	2	35	M
6	3	55	M
6	4	45	F
6	5	18	F
6	6	25	M
6	7	32	M
6	8	27	M
6	9	37	M
6	10	25	F
6	11	50	F
6	12	22	F
6	13	52	M
6	14	50	F
6	15	50	F
6	16	32	M
6	17	30	M
6	18	36	M
6	19	37	M
6	20	34	M
6	21	40	M
6	22	50	M
6	23	30	F
6	24	25	M
6	25	25	F
6	26	35	F
6	27	32	F
7	1	22	F
7	2	44	F
7	3	46	F
7	4	27	F
7	5	30	M
7	6	45	M
7	7	23	M
7	8	28	M
7	9	52	M
7	10	36	M
7	11	52	M
7	12	33	M
7	13	46	M
7	14	27	M
7	15	28	M
7	16	29	M
7	17	54	M
7	18	48	F
7	19	31	F
7	20	18	F
7	21	32	F
7	22	50	F
7	23	43	F
7	24	22	F
7	25	37	F
8	1	30	M
8	2	35	M
8	3	25	M
8	4	25	F
8	5	18	F
8	6	40	M
8	7	30	M
8	8	35	M
8	9	28	F
8	10	25	F
8	11	40	M
8	12	25	M
8	13	25	F
8	14	40	F
8	15	20	F
8	16	40	M
8	17	25	F
8	18	30	F
8	19	40	M
8	20	50	F
8	21	40	M
8	22	30	F
8	23	50	M
8	24	40	F
8	25	45	M
9	1	*	F
9	2	*	F
9	3	*	F
9	4	*	F
9	5	*	F
9	6	*	F
9	7	*	F
9	8	*	F
9	9	*	F
9	10	*	F
9	11	*	F
9	12	*	F
9	13	*	F
9	14	*	F
9	15	*	F
9	16	*	F
9	17	*	M
9	18	*	M
9	19	*	M
9	20	*	M
9	21	*	M
9	22	*	M
9	23	*	M
9	24	*	M
9	25	*	M
9	26	*	M
9	27	*	M
9	28	*	M
9	29	*	M
9	30	*	M
10	1	64	M
10	2	56	M
10	3	23	M
10	4	36	F
10	5	42	F
10	6	22	F
10	7	57	F
10	8	48	M
10	9	19	F
10	10	30	F
10	11	39	F
10	12	30	F
10	13	22	F
10	14	30	F
10	15	46	F
10	16	61	M
10	17	56	M
10	18	32	M
10	19	21	F
10	20	37	F
10	21	0	?
10	22	76	M
10	23	71	F
10	24	20	M
10	25	30	M
11	1	17	F
11	2	25	F
11	3	25	F
11	4	25	F
11	5	26	F
11	6	38	F
11	7	38	F
11	8	40	F
11	9	50	F
11	10	20	M
11	11	23	M
11	12	M	M
11	13	25	M
11	14	28	M
11	15	30	M
11	16	30	M
11	17	30	M
11	18	35	M
11	19	35	M
11	20	40	M
11	21	47	M
11	22	48	M
11	23	48	M
11	24	50	M
11	25	60	M
12	1	23	M
12	2	21	M
12	3	23	M
12	4	50	F
12	5	40	F
12	6	22	F
12	7	43	F
12	8	40	F
12	9	38	M
12	10	28	F
12	11	38	F
12	12	24	M
12	13	28	M
12	14	35	M
12	15	17	F
12	16	43	M
12	17	18	F
12	18	34	M
12	19	36	F
12	20	19	F
12	21	18	M
12	22	29	F
12	23	17	M
12	24	28	M
12	25	38	M
13	1	26	M
13	2	23	M
13	3	20	F
13	4	40	M
13	5	24	M
13	6	21	F
13	7	24	M
13	8	40	F
13	9	15	M
13	10	11	F
13	11	18	M
13	12	19	M
13	13	40	F
13	14	23	F
13	15	21	M
13	16	40	F
13	17	20	M
13	18	20	F
13	19	22	M
13	20	45	F
13	21	46	M
13	22	16	F
13	23	20	M
13	24	17	F
13	25	18	M
14	1	65	F
14	2	75	M
14	3	77	F
14	4	65	M
14	5	76	M
14	6	78	M
14	7	75	F
14	8	41	M
14	9	66	M
14	10	32	M
14	11	80	F
14	12	45	F
14	13	75	F
14	14	37	F
14	15	57	F
14	16	60	M
14	17	51	F
14	18	50	F
14	19	84	F
14	20	61	M
14	21	38	M
14	22	61	F
14	23	70	M
14	24	45	F
14	25	60	M
15	1	25	F
15	2	40	F
15	3	30	F
15	4	55	M
15	5	60	M
15	6	30	F
15	7	35	M
15	8	30	F
15	9	50	F
15	10	25	F
15	11	60	F
15	12	15	M
15	13	37	M
15	14	35	M
15	15	50	M
15	16	50	M
15	17	15	F
15	18	16	M
15	19	21	M
15	20	30	F
15	21	65	F
15	22	17	F
15	23	16	M
15	24	50	F
15	25	15	F
16	1	21	F
16	2	22	F
16	3	22	F
16	4	23	F
16	5	30	F
16	6	30	F
16	7	35	F
16	8	35	F
16	9	35	F
16	10	38	F
16	11	40	F
16	12	40	F
16	13	40	F
16	14	45	F
16	15	50	F
16	16	18	M
16	17	18	M
16	18	18	M
16	19	20	M
16	20	23	M
16	21	26	M
16	22	35	M
16	23	45	M
16	24	45	M
16	25	45	M
17	1	18	F
17	2	22	F
17	3	23	F
17	4	24	F
17	5	27	F
17	6	28	F
17	7	28	F
17	8	30	F
17	9	33	F
17	10	33	F
17	11	38	F
17	12	40	F
17	13	41	F
17	14	50	F
17	15	53	F
17	16	23	M
17	17	25	M
17	18	30	M
17	19	36	M
17	20	37	M
17	21	40	M
17	22	42	M
17	23	45	M
17	24	45	M
17	25	48	M
17	26	50	M
17	27	65	M
17	28	73	M
17	29	78	M
17	30	0	M
18	1	16	F
18	2	19	F
18	3	21	F
18	4	22	F
18	5	22	F
18	6	23	F
18	7	25	F
18	8	28	F
18	9	31	F
18	10	36	F
18	11	40	F
18	12	14	M
18	13	14	M
18	14	15	M
18	15	18	M
18	16	18	M
18	17	18	M
18	18	20	M
18	19	23	M
18	20	25	M
18	21	30	M
18	22	31	M
18	23	38	M
18	24	45	M
18	25	50	M
19	1	18	M
19	2	40	F
19	3	37	M
19	4	90	M
19	5	45	F
19	6	40	F
19	7	26	M
19	8	42	M
19	9	35	F
19	10	27	F
19	11	39	M
19	12	40	M
19	13	19	F
19	14	36	M
19	15	28	F
19	16	40	M
19	17	21	M
19	18	30	F
19	19	42	F
19	20	35	F
19	21	46	F
19	22	30	M
19	23	47	M
19	24	28	M
19	25	29	F
20	1	25	F
20	2	35	F
20	3	22	F
20	4	17	M
20	5	40	M
20	6	15	M
20	7	32	F
20	8	19	F
20	9	30	F
20	10	25	F
20	11	60	M
21	1	16	F
21	2	42	F
21	3	30	F
21	4	38	M
21	5	17	M
21	6	18	F
21	7	20	M
21	8	40	M
21	9	26	F
21	10	38	M
21	11	29	M
21	12	16	M
21	13	24	M
21	14	24	F
21	15	30	M
21	16	22	F
21	17	19	M
21	18	41	M
21	19	23	M
21	20	33	M
21	21	40	F
21	22	22	M
21	23	20	F
21	24	19	M
21	25	21	M
22	1	17	F
22	2	19	F
22	3	21	F
22	4	23	F
22	5	28	F
22	6	28	F
22	7	30	F
22	8	35	F
22	9	36	F
22	10	38	F
22	11	40	F
22	12	42	F
22	13	45	F
22	14	45	F
22	15	25	M
22	16	26	M
22	17	28	M
22	18	29	M
22	19	30	M
22	20	32	M
22	21	35	M
22	22	40	M
22	23	40	M
22	24	47	M
22	25	50	M
23	1	25	F
23	2	32	M
23	3	50	F
23	4	38	M
23	5	20	M
23	6	18	F
23	7	25	F
23	8	40	F
23	9	24	M
23	10	45	F
23	11	55	M
23	12	28	M
23	13	38	M
23	14	45	M
23	15	35	F
23	16	40	M
23	17	18	M
23	18	38	F
23	19	19	F
23	20	18	F
23	21	32	M
23	22	18	M
23	23	17	F
23	24	22	M
23	25	18	M
24	1	56	F
24	2	62	F
24	3	46	F
24	4	31	F
24	5	25	F
24	6	17	F
24	7	32	F
24	8	23	F
24	9	34	M
24	10	21	M
24	11	55	M
24	12	25	F
24	13	48	F
24	14	41	F
24	15	19	M
24	16	18	M
24	17	41	M
24	18	27	M
24	19	42	F
24	20	46	F
24	21	25	M
24	22	29	M
24	23	18	M
24	24	52	M
24	25	23	M
25	1	17	F
25	2	17	F
25	3	19	F
25	4	20	F
25	5	24	F
25	6	25	F
25	7	28	F
25	8	32	F
25	9	35	F
25	10	39	F
25	11	41	F
25	12	52	F
25	13	19	M
25	14	21	M
25	15	21	M
25	16	22	M
25	17	23	M
25	18	27	M
25	19	27	M
25	20	27	M
25	21	39	M
25	22	41	M
25	23	42	M
25	24	42	M
25	25	49	M
26	1	27	F
26	2	27	F
26	3	34	F
26	4	39	F
26	5	45	F
26	6	51	F
26	7	52	F
26	8	52	F
26	9	57	F
26	10	56	F
26	11	58	F
26	12	59	F
26	13	62	F
26	14	28	M
26	15	29	M
26	16	39	M
26	17	48	M
26	18	42	M
26	19	54	M
26	20	54	M
26	21	64	M
26	22	64	M
26	23	69	M
26	24	70	M
26	25	88	M
27	1	15	F
27	2	16	F
27	3	18	F
27	4	23	F
27	5	27	F
27	6	18	M
27	7	20	M
27	8	21	M
27	9	22	M
27	10	23	M
27	11	23	M
27	12	23	M
27	13	23	M
27	14	23	M
27	15	23	M
27	16	23	M
27	17	24	M
27	18	24	M
27	19	25	M
27	20	26	M
27	21	28	M
27	22	28	M
27	23	28	M
27	24	29	M
27	25	0	M
28	1	19	F
28	2	25	F
28	3	30	F
28	4	31	F
28	5	32+	F
28	6	37	F
28	7	30-40	F
28	8	30-40	F
28	9	about 40	F
28	10	40+	F
28	11	40-50	F
28	12	50-60	F
28	13	over 60	F
28	14	70+	F
28	15	70+	F
28	16	16	M
28	17	19	M
28	18	20	M
28	19	22	M
28	20	23	M
28	21	23	M
28	22	26	M
28	23	40	M
28	24	40	M
28	25	42	M
29	1	18	M
29	2	40	F
29	3	40	M
29	4	22	M
29	5	24	M
29	6	23	F
29	7	28	M
29	8	36	M
29	9	24	F
29	10	40	M
29	11	36	M
29	12	21	M
29	13	19	M
29	14	18	M
29	15	27	F
29	16	33	F
29	17	36	F
29	18	18	F
29	19	33	F
29	20	26	M
29	21	18	F
29	22	17	M
29	23	17	M
29	24	34	F
29	25	45	M
30	1	22	M
30	2	28	F
30	3	22	M
30	4	17	M
30	5	22	M
30	6	25	M
30	7	47	M
30	8	45	F
30	9	25	M
30	10	35	F
30	11	37	M
30	12	35	F
30	13	23	M
30	14	19	F
30	15	48	M
30	16	19	M
30	17	55	M
30	18	16	F
30	19	40	M
30	20	18	M
30	21	32	F
30	22	38	M
30	23	36	F
30	24	41	F
30	25	37	M
31	1	14	F
31	2	16	F
31	3	19	F
31	4	19	F
31	5	20	F
31	6	25	F
31	7	30	F
31	8	35	F
31	9	36	F
31	10	37	F
31	11	40	F
31	12	44	F
31	13	50	F
31	14	50	F
31	15	59	F
31	16	60	F
31	17	24	M
31	18	30	M
31	19	34	M
31	20	36	?
31	21	48	M
31	22	50	M
31	23	50	M
31	24	61	M
31	25	68	M
32	1	16	F
32	2	17	F
32	3	20	F
32	4	21	F
32	5	23	F
32	6	23	F
32	7	32	F
32	8	38	F
32	9	38	F
32	10	42	F
32	11	49	F
32	12	50	F
32	13	20	M
32	14	21	M
32	15	21	M
32	16	24	M
32	17	27	M
32	18	29	M
32	19	36	M
32	20	43	M
32	21	49	M
32	22	51	M
32	23	62	M
32	24	62	M
32	25	72	M
33	1	29	F
33	2	38	M
33	3	28	M
33	4	33	M
33	5	30	F
33	6	32	F
33	7	35	F
33	8	27	M
33	9	38	M
33	10	26	F
33	11	25	F
33	12	23	F
33	13	37	M
33	14	30	M
33	15	41	M
33	16	29	M
33	17	32	F
33	18	36	F
33	19	33	M
33	20	30	F
33	21	38	M
33	22	34	F
33	23	28	M
33	24	41	M
33	25	27	F
34	1	16	F
34	2	18	F
34	3	18	F
34	4	20	F
34	5	23	F
34	6	23	F
34	7	25	F
34	8	25	F
34	9	25	F
34	10	28	F
34	11	30	F
34	12	45	F
34	13	50	F
34	14	70	F
34	15	75	F
34	16	23	M
34	17	25	M
34	18	25	M
34	19	25	M
34	20	25	M
34	21	40	M
34	22	40	M
34	23	45	M
34	24	60	M
34	25	60	M
35	1	25	F
35	2	29	F
35	3	30	F
35	4	32	F
35	5	37	F
35	6	40	F
35	7	54	F
35	8	54	F
35	9	55	F
35	10	56	F
35	11	57	F
35	12	58	F
35	13	78	F
35	14	80	F
35	15	82	F
35	16	91	F
35	17	15	M
35	18	15	M
35	19	20	M
35	20	21	M
35	21	24	M
35	22	24	M
35	23	35	M
35	24	54	M
35	25	56	M
36	1	70	M
36	2	80	M
36	3	80	M
36	4	75	M
36	5	65	M
36	6	70	M
36	7	56	F
36	8	45	F
36	9	45	F
36	10	50	F
36	11	65	F
36	12	45	F
36	13	80	F
36	14	65	F
36	15	42	M
36	16	30	M
36	17	60	M
36	18	40	F
36	19	19	M
36	20	30	F
36	21	22	F
36	22	18	F
36	23	70	M
36	24	35	F
36	25	40	M
37	1	12	F
37	2	12	F
37	3	14	F
37	4	18	F
37	5	22	F
37	6	25	F
37	7	25	F
37	8	25	F
37	9	9	M
37	10	11	M
37	11	11	M
37	12	17	M
37	13	17	M
37	14	20	M
37	15	20	M
37	16	25	M
37	17	26	M
37	18	26	M
37	19	26	M
37	20	29	M
37	21	34	M
37	22	36	M
37	23	38	M
37	24	42	M
37	25	50?	M
38	1	14	F
38	2	15	F
38	3	15	F
38	4	16	F
38	5	16	F
38	6	18	F
38	7	18	F
38	8	20	F
38	9	21	F
38	10	21	F
38	11	23	F
38	12	28	F
38	13	34	F
38	14	35	F
38	15	38	F
38	16	46	F
38	17	46	F
38	18	53	F
38	19	56	F
38	20	78	F
38	21	11	M
38	22	15	M
38	23	17	M
38	24	20	M
38	25	24	M
38	26	32	M
38	27	34	M
38	28	63	M
39	1	18	F
39	2	19	F
39	3	20	F
39	4	20	F
39	5	27	F
39	6	28	F
39	7	35	F
39	8	38	F
39	9	40	F
39	10	40	F
39	11	48	F
39	12	60	F
39	13	19	M
39	14	20	M
39	15	21	M
39	16	21	M
39	17	22	M
39	18	26	M
39	19	27	M
39	20	34	M
39	21	35	M
39	22	35	M
39	23	40	M
39	24	50	M
39	25	52	M
40	1	16	F
40	2	20	F
40	3	23	M
40	4	15	F
40	5	53	M
40	6	60	M
40	7	34	M
40	8	58	M
40	9	42	F
40	10	21	F
40	11	25	M
40	12	58	M
40	13	28	F
40	14	35	M
40	15	35	M
40	16	60	F
40	17	15	F
40	18	24	M
40	19	26	F
40	20	26	M
40	21	21	M
40	22	25	M
40	23	48	F
40	24	26	M
40	25	53	M
40	26	28	M
40	27	23	F
41	1	13	F
41	2	15	F
41	3	17	F
41	4	19	F
41	5	20	F
41	6	20	F
41	7	20	F
41	8	35	F
41	9	40	F
41	10	50	F
41	11	50	F
41	12	50	F
41	13	55	F
41	14	21	M
41	15	21	M
41	16	23	M
41	17	25	M
41	18	26	M
41	19	35	M
41	20	38	M
41	21	48	M
41	22	48	M
41	23	50	M
41	24	55	M
41	25	??	M
42	1	17	F
42	2	17	F
42	3	20	F
42	4	21	F
42	5	27	F
42	6	30	F
42	7	30	F
42	8	32	F
42	9	35	F
42	10	35	F
42	11	48	F
42	12	50	F
42	13	51	F
42	14	16	M
42	15	16	M
42	16	21	M
42	17	22	M
42	18	26	M
42	19	27	M
42	20	27	M
42	21	30	M
42	22	31	M
42	23	34	M
42	24	36	M
42	25	40	M
43	1	18	F
43	2	19	F
43	3	24	F
43	4	27	F
43	5	28	F
43	6	30	F
43	7	18	M
43	8	19	M
43	9	20	M
43	10	21	M
43	11	21	M
43	12	23	M
43	13	28	M
43	14	33	M
43	15	39	M
43	16	41	M
43	17	41	M
43	18	45	M
43	19	50	M
43	20	52	M
43	21	58	M
43	22	59	M
43	23	60	M
43	24	63	M
43	25	65	M
44	1	24	F
44	2	24	F
44	3	25	F
44	4	30	F
44	5	30	F
44	6	34	F
44	7	35	F
44	8	35	F
44	9	42	F
44	10	45	F
44	11	48	F
44	12	50	F
44	13	50+	F
44	14	16(approx)	M
44	15	23	M
44	16	23	M
44	17	24	M
44	18	24	M
44	19	24	M
44	20	27	M
44	21	34	M
44	22	35	M
44	23	36	M
44	24	37	M
44	25	45	M
45	1	22	F
45	2	37	M
45	3	29	M
45	4	26	M
45	5	55	M
45	6	79	M
45	7	19	F
45	8	49	F
45	9	20	M
45	10	31	M
45	11	47	M
45	12	38	M
45	13	72	M
45	14	48	M
45	15	78	M
45	16	78	M
45	17	60	M
45	18	34	F
45	19	78	F
45	20	47	M
45	21	31	M
45	22	54	F
45	23	40	F
45	24	60	F
45	25	62	M
46	1	23	F
46	2	25	F
46	3	26	F
46	4	28	F
46	5	28	F
46	6	42	F
46	7	44	F
46	8	58	F
46	9	14	M
46	10	18	M
46	11	18	M
46	12	21	M
46	13	22	M
46	14	22	M
46	15	22	M
46	16	28	M
46	17	30	M
46	18	31	M
46	19	45	M
46	20	49	M
46	21	57	M
46	22	59	M
46	23	64	M
46	24	71	M
46	25	75	M
47	1	19	F
47	2	22	F
47	3	23	F
47	4	39	F
47	5	41	F
47	6	42	F
47	7	44	F
47	8	48	F
47	9	48	F
47	10	63	F
47	11	28	M
47	12	28	M
47	13	32	M
47	14	34	M
47	15	40	M
47	16	40	M
47	17	41	M
47	18	43	M
47	19	45	M
47	20	45	M
47	21	47	M
47	22	49	M
47	23	50	M
47	24	50	M
47	25	53	M
48	1	20	F
48	2	23	F
48	3	25	F
48	4	25	F
48	5	26	F
48	6	29	F
48	7	32	F
48	8	45	F
48	9	50	F
48	10	50	F
48	11	55	F
48	12	60	F
48	13	65	F
48	14	23	M
48	15	23	M
48	16	27	M
48	17	27	M
48	18	30	M
48	19	35	M
48	20	39	M
48	21	41	M
48	22	45	M
48	23	46	M
48	24	50	M
48	25	56	M
49	1	16	F
49	2	17	F
49	3	18	F
49	4	20	F
49	5	23	F
49	6	24	F
49	7	27	F
49	8	28	F
49	9	30	F
49	10	31	F
49	11	*	F
49	12	*	F
49	13	16	M
49	14	16	M
49	15	17	M
49	16	18	M
49	17	18	M
49	18	25	M
49	19	25	M
49	20	39	M
49	21	39	M
49	22	45	M
49	23	60	M
49	24	*	M
49	25	*	M
50	1	25	F
50	2	25	M
50	3	26	M
50	4	18	F
50	5	20	M
50	6	35	M
50	7	43	F
50	8	30	M
50	9	15	M
50	10	30	F
51	1	20	F
51	2	20	F
51	3	20	F
51	4	22	F
51	5	22	F
51	6	29	F
51	7	30	F
51	8	32	F
51	9	32	F
51	10	34	F
51	11	38	F
51	12	40	F
51	13	26	M
51	14	30	M
51	15	32	M
51	16	33	M
51	17	36	M
51	18	36	M
51	19	37	M
51	20	38	M
51	21	40	M
51	22	42	M
51	23	45	M
51	24	50	M
51	25	54	M
52	1	28	M
52	2	36	F
52	3	43	FA
52	4	40	F
52	5	45	F
52	6	32	M
52	7	28	M
52	8	31	F
52	9	28	F
52	10	28	F
52	11	50	M
52	12	35	M
52	13	45	M
52	14	30	M
52	15	40	F
52	16	45	M
52	17	55	M
52	18	35	M
52	19	23	M
52	20	35	F
52	21	58	M
52	22	39	F
52	23	33	F
52	24	27	F
52	25	35	M
53	1	16	F
53	2	16	F
53	3	18	F
53	4	19	F
53	5	20	F
53	6	20	F
53	7	20	F
53	8	23	F
53	9	24	F
53	10	26	M
53	11	28	M
53	12	29	M
53	13	29	M
53	14	32	M
53	15	32	M
53	16	34	M
53	17	35	M
53	18	37	M
53	19	38	M
54	1	16	F
54	2	18	F
54	3	20	F
54	4	25	F
54	5	28	F
54	6	29	F
54	7	30	F
54	8	30	F
54	9	35	F
54	10	40	F
54	11	45	F
54	12	20	M
54	13	22	M
54	14	25	M
54	15	29	M
54	16	30	M
54	17	30	M
54	18	40	M
54	19	40	M
54	20	43	M
54	21	45	M
54	22	47	M
54	23	50	M
54	24	52	M
54	25	53	M
55	1	40	F
55	2	16	F
55	3	40	M
55	4	20	M
55	5	18	M
55	6	22	M
55	7	28	M
55	8	30	M
55	9	50	M
55	10	35	M
55	11	40	F
55	12	38	F
55	13	37	F
55	14	60	F
55	15	35	F
55	16	20	F
55	17	50	M
55	18	50	M
55	19	60	M
55	20	30	M
55	21	50	M
55	22	25	F
55	23	35	M
55	24	48	M
55	25	17	F
56	1	15	F
56	2	15	F
56	3	30	F
56	4	35	F
56	5	35	F
56	6	35	F
56	7	45	F
56	8	50	F
56	9	50	F
56	10	50	F
56	11	55	F
56	12	60	F
56	13	85	F
56	14	15	M
56	15	15	M
56	16	17	M
56	17	18	M
56	18	19	M
56	19	20	M
56	20	21	M
56	21	25	M
56	22	28	M
56	23	32	M
56	24	35	M
56	25	50	M
57	1	47	F
57	2	55	F
57	3	50	F
57	4	50	F
57	5	25	F
57	6	30	M
57	7	50	M
57	8	27	F
57	9	20	F
57	10	27	M
57	11	45	F
57	12	50	F
57	13	35	M
57	14	34	M
57	15	18	M
57	16	35	F
57	17	31	M
57	18	57	M
57	19	65	M
57	20	55	M
57	21	55	M
57	22	38	F
57	23	30	M
57	24	65	F
57	25	55	F
58	1	30	F
58	2	31	F
58	3	32	F
58	4	35	F
58	5	35	F
58	6	37	F
58	7	50	F
58	8	50	F
58	9	60	F
58	10	65	F
58	11	65	F
58	12	30	M
58	13	30	M
58	14	44	M
58	15	45	M
58	16	45	M
58	17	50	M
58	18	55	M
58	19	60	M
58	20	70	M
59	1	18	F  
59	2	?	F
59	3	21	F
59	4	25	F
59	5	30	F
59	6	33	F
59	7	*	F
59	8	48	F
59	9	55	F
59	10	55	F
59	11	55	F
59	12	65	F
59	13	88	F
59	14	18	M
59	15	23	M
59	16	23	M
59	17	27	M
59	18	29	M
59	19	30	M
59	20	40	M
59	21	42	M
59	22	45	M
59	23	56	M
59	24	60	M
59	25	62	M
60	1	15	F
60	2	25	F
60	3	25	F
60	4	25	F
60	5	30	F
60	6	30	F
60	7	30	F
60	8	30	F
60	9	35	F
60	10	35	F
60	11	45	F
60	12	50	F
60	13	55	F
60	14	65	F
60	15	20	M
60	16	20	M
60	17	23	M
60	18	25	M
60	19	30	M
60	20	30	M
60	21	30	M
60	22	35	M
60	23	35	M
60	24	50	M
60	25	70	M
61	1	20	F
61	2	35	F
61	3	45	F
61	4	11	M
61	5	22	M
61	6	26	M
61	7	27	M
61	8	28	M
61	9	28	M
61	10	30	M
61	11	30	M
61	12	47	M
61	13	59	M
61	14	45	M
61	15	0	M
62	1	48	F
62	2	25	M
62	3	18	F
62	4	60	F
62	5	25	M
62	6	13	M
62	7	60	F
62	8	28 	M
62	9	60	F
62	10	25	M
62	11	25	M
62	12	22	M
62	13	37	F
62	14	35	M
62	15	25	M
62	16	25	M
62	17	40	F
62	18	55	M
62	19	40	F
62	20	40	F
62	21	35	F
62	22	40	F
62	23	28	M
62	24	35	F
62	25	*	M
63	1	16	F
63	2	25	F
63	3	25	F
63	4	25	F
63	5	30	F
63	6	30	F
63	7	35	F
63	8	35	F
63	9	40	F
63	10	45	F
63	11	50	F
63	12	25	M
63	13	35	M
63	14	35	M
63	15	35	M
63	16	35	M
63	17	35	M
63	18	40	M
63	19	40	M
63	20	40	M
63	21	45	M
63	22	45	M
63	23	50	M
63	24	50	M
63	25	55	M
64	1	30	M
64	2	65	M
64	3	60	F
64	4	58	F
64	5	19	M
64	6	60	F
64	7	60	F
64	8	60	M
64	9	50	M
64	10	19	M
64	11	50	F
64	12	60	M
64	13	30	F
64	14	65	F
64	15	40	F
64	16	60	F
64	17	60	M
64	18	60	F
64	19	40	M
64	20	60	M
64	21	30	F
64	22	60	M
64	23	65	F
64	24	50	F
64	25	28	M
65	1	30	F
65	2	40	F
65	3	50	F
65	4	60	F
65	5	75	F
65	6	17	M
65	7	18	M
65	8	20	M
65	9	25	M
65	10	25	M
65	11	25	M
65	12	25	M
65	13	28	M
65	14	30	M
65	15	30	M
65	16	40	M
65	17	40	M
65	18	45	M
65	19	45	M
65	20	45	M
65	21	50	M
65	22	50	M
65	23	50	M
65	24	50	M
65	25	70	M
66	1	X	F
66	2	28	F
66	3	27	F
66	4	20	M
66	5	*	M
66	6	*	M
66	7	*	M
66	8	*	M
66	9	*	M
66	10	*	M
66	11	28	M
66	12	25	M
66	13	50	F
66	14	20	M
66	15	26	M
66	16	50	F
66	17	25	F
66	18	50	F
66	19	25	F
66	20	35	M
66	21	50	F
66	22	28	F
66	23	28	F
66	24	28	F
66	25	45	M
67	1	14	F
67	2	18	F
67	3	22	F
67	4	25	F
67	5	27	F
67	6	34	F
67	7	37	F
67	8	38	F
67	9	38	F
67	10	40	F
67	11	40	F
67	12	45	F
67	13	52	F
67	14	53	F
67	15	56	F
67	16	70	F
67	17	18	M
67	18	18	M
67	19	28	M
67	20	29	M
67	21	36	M
67	22	37	M
67	23	41	M
67	24	53	M
67	25	69	M
68	1	29	F
68	2	22	F
68	3	34	F
68	4	27	M
68	5	64	F
68	6	50	F
68	7	28	M
68	8	30	F
68	9	35	F
68	10	35	M
68	11	39	M
68	12	49	M
68	13	60	F
68	14	50	F
68	15	38	F
68	16	35	F
68	17	38	F
68	18	45	M
68	19	61	M
68	20	33	M
68	21	40	M
68	22	35	M
68	23	48	F
68	24	40	M
68	25	60	M
69	1	15	F
69	2	15	f
69	3	15	F
69	4	15	F
69	5	20	F
69	6	25	F
69	7	25	F
69	8	25	F
69	9	30	F
69	10	35	F
69	11	40	F
69	12	50	F
69	13	50	F
69	14	50	F
69	15	20	M
69	16	20	M
69	17	20	M
69	18	30	M
69	19	30	M
69	20	30	M
69	21	35	M
69	22	40	M
69	23	40	M
69	24	40	M
69	25	45	M
70	1	*	F
70	2	*	F
70	3	38	F
70	4	42	F
70	5	47	F
70	6	55	F
70	7	60	F
70	8	65	F
70	9	63	F
70	10	65	F
70	11	67	F
70	12	68	F
70	13	71	F
70	14	*	M
70	15	54	M
70	16	57	M
70	17	58	M
70	18	59	M
70	19	64	M
70	20	68	M
70	21	68	M
70	22	71	M
70	23	72	M
70	24	81	M
70	25	82	M
71	1	26	F
71	2	26	F
71	3	29	F
71	4	30	F
71	5	31	F
71	6	32	F
71	7	35	F
71	8	37	F
71	9	44	F
71	10	45	F
71	11	45	F
71	12	47	F
71	13	55	F
71	14	55	F
71	15	56	F
71	16	59	F
71	17	70	F
71	18	70	F
71	19	40	M
71	20	42	M
71	21	43	M
71	22	53	M
71	23	53	M
71	24	53	M
71	25	73	M
72	1	45	M
72	2	45	M
72	3	41	M
72	4	40	F
72	5	40	F
72	6	32	F
72	7	20	F
72	8	72	M
72	9	28	M
72	10	45	F
72	11	59	F
72	12	47	F
72	13	55	M
72	14	36	F
72	15	29	M
72	16	50	F
72	17	55	M
72	18	77	F
72	19	80	F
72	20	22	F
72	21	27	M
72	22	47	M
72	23	34	M
72	24	38	F
72	25	64	M
73	1	50	M
73	2	20	F
73	3	60	M
73	4	60	M
73	5	50	M
73	6	60	M
73	7	40	F
73	8	20	F
73	9	25	M
73	10	30	F
73	11	45	M
73	12	50	F
73	13	60	F
73	14	50	F
73	15	60	M
73	16	60	M
73	17	25	M
73	18	35	M
74	1	55	F
74	2	30	F
74	3	35	F
74	4	40	*
74	5	19	F
74	6	22	F
74	7	45	F
74	8	29	F
74	9	33	F
74	10	19	F
74	11	30	F
74	12	43	F
74	13	17	M
74	14	23	M
74	15	26	M
74	16	29	M
74	17	32	M
74	18	40	M
74	19	39	M
74	20	40	M
74	21	55	M
74	22	35	M
74	23	28	M
74	24	19	M
74	25	22	M
75	1	35	M
75	2	30	M
75	3	50	M
75	4	30	M
75	5	16	F
75	6	18	F
75	7	16	M
75	8	30	F
75	9	55	M
75	10	45	F
75	11	14	F
75	12	30	M
75	13	25	F
75	14	60	M
75	15	15	M
75	16	22	M
75	17	26	M
75	18	17	M
75	19	25	F
75	20	20	F
75	21	28	M
75	22	21	M
75	23	30	M
75	24	35	F
75	25	40	F
76	1	35	F
76	2	35	F
76	3	36	F
76	4	37	F
76	5	40	F
76	6	49	F
76	7	50	F
76	8	52	F
76	9	53	F
76	10	58	F
76	11	60	F
76	12	62	F
76	13	62	F
76	14	64	F
76	15	65	F
76	16	40	M
76	17	41	M
76	18	41	M
76	19	51	M
76	20	58	M
76	21	60	M
76	22	60	M
76	23	66	M
76	24	68	M
76	25	75	M
77	1	25	M
77	2	19	M
77	3	21	M
77	4	17	M
77	5	17	M
77	6	18	M
77	7	51	F
77	8	18	F
77	9	24	F
77	10	15	F
77	11	38	F
77	12	30	F
77	13	41	F
77	14	21	M
77	15	18	F
77	16	39	F
77	17	*	M
77	18	45	F
77	19	41	F
77	20	21	F
77	21	19	M
77	22	19	F
77	23	20	M
77	24	21	M
77	25	17	M
77	26	24	M
77	27	19	F
77	28	20	M
77	29	18	M
78	1	35	M
78	2	39	M
78	3	24	M
78	4	21	M
78	5	48	F
78	6	30	M
79	1	25	M
79	2	35	F
79	3	55	F
79	4	60	M
79	5	43	F
79	6	21	M
79	7	24	M
79	8	36	M
79	9	30	M
79	10	45	M
79	11	33	F
79	12	29	M
79	13	45	M
79	14	57	M
79	15	55	F
79	16	65	F
79	17	55	F
79	18	27	F
79	19	29	F
79	20	29	M
79	21	55	M
79	22	24	F
79	23	42	M
79	24	32	F
79	25	55	F
80	1	59	F
80	2	61	F
80	3	68	F
80	4	68	F
80	5	61	F
80	6	66	M
80	7	38	F
80	8	78	M
80	9	58	F
80	10	80	F
80	11	65	F
80	12	43	F
80	13	77	F
80	14	42	M
80	15	62	F
80	16	51	F
80	17	57	F
80	18	76	M
80	19	57	M
80	20	47	M
80	21	63	M
80	22	65	F
80	23	62	F
80	24	62	M
80	25	62	F
81	1	30	M
81	2	35	M
81	3	65	M
81	4	32	F
81	5	35	F
81	6	65	M
81	7	20	M
81	8	30	F
81	9	55	M
81	10	32	F
81	11	65	F
81	12	50	M
81	13	55	F
81	14	20	M
81	15	30	F
81	16	22	M
81	17	35	F
81	18	65	F
81	19	18	M
81	20	55	F
81	21	55	F
81	22	70	M
81	23	70	M
81	24	50	M
82	1	40	M
82	2	41	M
82	3	23	M
82	4	33	M
82	5	54	M
82	6	48	M
82	7	40	M
82	8	31	M
82	9	77	M
82	10	24	M
82	11	77	F
82	12	22	F
82	13	46	F
82	14	17	F
82	15	32	F
82	16	23	F
82	17	43	F
82	18	19	F
82	19	36	F
82	20	15	F
83	1	40	M
83	2	20	M
83	3	25	M
83	4	13	F
83	5	16	F
83	6	22	M
83	7	38	F
83	8	15	F
83	9	25	M
83	10	20	F
83	11	47	M
83	12	14	M
83	13	20	M
83	14	15	F
84	1	15	F
84	2	16	F
84	3	21	F
84	4	23	F
84	5	23	F
84	6	27	F
84	7	35	F
84	8	42	F
84	9	45	F
84	10	45	F
84	11	50	F
84	12	50	F
84	13	54	F
84	14	65	F
84	15	20	M
84	16	20	M
84	17	21	M
84	18	24	M
84	19	26	M
84	20	27	M
84	21	31	M
84	22	40	M
84	23	50	M
84	24	54	M
84	25	60	M
85	1	21	F
85	2	34	F
85	3	34	F
85	4	17	F
85	5	26	F
85	6	61	M
85	7	48	M
85	8	52	M
85	9	60	M
85	10	28	M
85	11	25	F
85	12	38	F
85	13	17	F
85	14	60	F
85	15	50	F
85	16	21	F
85	17	38	F
85	18	48	F
85	19	24	F
85	20	65	F
85	21	58	F
85	22	24	F
85	23	63	F
85	24	50	F
85	25	34	M
86	1	20	F
86	2	20	F
86	3	21	F
86	4	28	F
86	5	42	F
86	6	42	F
86	7	42	F
86	8	43	F
86	9	45	F
86	10	45	F
86	11	51	F
86	12	52	F
86	13	54	F
86	14	57	F
86	15	24	M
86	16	24	M
86	17	28	M
86	18	35	M
86	19	39	M
86	20	43	M
86	21	45	M
86	22	52	M
86	23	54	M
86	24	55	M
86	25	62	M
87	1	19	M
87	2	13	M
87	3	38	M
87	4	17	M
87	5	70	M
87	6	27	M
87	7	60	M
87	8	50	F
87	9	30	F
87	10	65	F
87	11	20	F
87	12	35	M
87	13	60	F
87	14	55	M
87	15	55	F
87	16	45	F
87	17	60	M
87	18	50	F
87	19	60	F
87	20	40	F
87	21	31	F
87	22	45	F
87	23	16	M
87	24	33	M
87	25	16	M
88	1	70	M
88	2	30	M
88	3	55	M
88	4	70	M
88	5	68	M
88	6	35	M
88	7	75	M
88	8	50	M
88	9	40	M
88	10	65	M
88	11	45	M
88	12	22	M
88	13	22	M
88	14	20	M
88	15	30	F
88	16	24	F
88	17	27	M
88	18	70	M
88	19	60	M
88	20	26	M
88	21	35	F
88	22	70	F
88	23	60	M
88	24	75	M
88	25	20	M
89	1	20	M
89	2	40	M
89	3	20	F
89	4	20	F
89	5	40	M
89	6	60	F
89	7	40	F
89	8	40	F
89	9	20	F
89	10	40	F
89	11	37	F
89	12	70	M
89	13	40	M
89	14	40	M
89	15	40	F
89	16	24	F
89	17	20	F
89	18	40	M
89	19	60	M
89	20	70	F
89	21	25	F
89	22	40	F
89	23	39	M
89	24	40	M
89	25	40	F
89	26	20	M
90	1	55	M
90	2	28	F
90	3	21	M
90	4	51	M
90	5	36	M
90	6	48	F
90	7	58	F
90	8	44	F
90	9	60	F
90	10	51	M
90	11	48	F
90	12	55	M
90	13	50	F
90	14	44	M
90	15	50	F
90	16	40	M
90	17	60	M
90	18	53	F
90	19	30	F
90	20	34	F
90	21	55	M
90	22	42	M
90	23	43	F
90	24	21	M
90	25	31	M
91	1	25	F
91	2	26	F
91	3	37	F
91	4	19	M
91	5	19	M
91	6	21	M
91	7	29	M
91	8	40	M
92	1	24	F
92	2	25	F
92	3	28	F
92	4	38	F
92	5	65	F
92	6	28	M
92	7	30	M
92	8	33	M
92	9	60	M
93	1	15	F
93	2	20	F
93	3	28	F
93	4	17	M
93	5	18	M
93	6	31	M
93	7	40	M
93	8	48	M
94	1	16	F
94	2	22	F
94	3	25	F
94	4	25	F
94	5	26	F
94	6	27	F
94	7	27	F
94	8	29	F
94	9	33	F
94	10	35	F
94	11	37	F
94	12	50	F
94	13	60	F
94	14	16	M
94	15	27	M
94	16	27	M
94	17	27	M
94	18	28	M
94	19	30	M
94	20	34	M
94	21	36	M
94	22	36	M
94	23	45	M
94	24	50	M
94	25	55	M
95	1	25	M
95	2	26	M
95	3	21	F
95	4	47	M
95	5	19	M
95	6	29	F
95	7	28	M
95	8	53	M
95	9	34	F
95	10	26	M
95	11	60	F
95	12	43	F
95	13	40	M
95	14	25	M
95	15	32	F
95	16	23	F
95	17	24	F
95	18	33	F
95	19	17	F
95	20	32	M
95	21	36	F
95	22	18	M
95	23	47	M
95	24	40	F
95	25	44	M
96	1	33	M
96	2	30	F
96	3	22	F
96	4	20	F
96	5	27	M
96	6	26	M
96	7	37	M
96	8	26	F
96	9	34	F
96	10	26	M
96	11	60	M
96	12	28	F
96	13	48	M
96	14	47	M
96	15	35	M
96	16	54	M
96	17	29	F
96	18	28	F
96	19	37	M
96	20	32	M
96	21	34	M
96	22	34	M
96	23	27	F
96	24	35	F
96	25	13	M
97	1	16	F 
97	2	16	F
97	3	18	F
97	4	25	F
97	5	25	F
97	6	28	F
97	7	28	F
97	8	30	F
97	9	30	F
97	10	32	F
97	11	32	F
97	12	48	F
97	12	19	M
97	14	20	M
97	15	23	M
97	16	24	M
97	17	25	M
97	18	25	M
97	19	28	M
97	20	28	M
97	21	30	M
97	22	30	M
97	23	34	M
97	24	38	M
97	25	45	M
98	1	65	F
98	2	60	F
98	3	60	M
98	4	26	M
98	5	18	M
98	6	15	F
98	7	21	M
98	8	50	F
98	9	20	M
98	10	34	F
98	11	50	F
98	12	50	M
98	13	22	M
98	14	50	F
98	15	29	F
98	16	55	M
98	17	68	F
98	18	44	F
98	19	60	F
98	20	25	F
98	21	70	F
98	22	53	F
98	23	44	M
98	24	30	M
98	25	45	F
99	1	17	F
99	2	18	F
99	3	19	F
99	4	20	F
99	5	25	F
99	6	30	F
99	7	32	F
99	8	32	F
99	9	32	F
99	10	36	F
99	11	14	M
99	12	22	M
99	13	23	M
99	14	24	M
99	15	26	M
99	16	32	M
99	17	34	M
99	18	36	M
99	19	36	M
99	20	38	M
99	21	41	M
99	22	47	M
99	23	55	M
99	24	65	M
99	25	70	M
100	1	28	F
100	2	11	F
100	3	40	F
100	4	55	F
100	5	25	F
100	6	16	F
100	7	50	F
100	8	22	M
100	9	18	M
100	10	30	M
100	11	20	M
100	12	28	M
100	13	30	M
100	14	45	M
100	15	16	M
100	16	45	M
100	17	30	M
100	18	17	M
100	19	17	M
100	20	19	M
100	21	*	M
100	22	30	F
100	23	30	F
100	24	20	F
100	25	10	F
101	1	45	F
101	2	25	M
101	3	40	M
101	4	18	M
101	5	20	F
101	6	35	M
101	7	50	M
101	8	60	M
101	9	30	M
101	10	20	M
101	11	30	M
101	12	21	M
101	13	18	M
101	14	40	M
101	15	28	M
101	16	35	F
101	17	22	M
101	18	25	M
101	19	30	F
101	20	30	F
101	21	25	M
101	22	40	M
101	23	25	M
101	24	50	M
101	25	23	M
102	1	27	M
102	2	20	M
102	3	18	M
102	4	32	M
102	5	36	M
102	6	46	M
102	7	22	M
102	8	28	M
102	9	48	M
102	10	17	M
102	11	19	F
102	12	52	M
102	13	26	M
102	14	28	M
102	15	*	F
102	16	61	F
102	17	64	F
102	18	45	F
102	19	26	F
102	20	32	F
102	21	51	F
102	22	33	F
102	23	40	F
102	24	37	F
102	25	42	F
103	1	30	F
103	2	37	F
103	3	40	F
103	4	40	F
103	5	40	F
103	6	45	F
103	7	50	F
103	8	60	F
103	9	65	F
103	10	30	M
103	11	30	M
103	12	33	M
103	13	40	M
103	14	40	M
103	15	43	M
103	16	45	M
103	17	55	M
103	18	60	M
103	19	65	M
103	20	65	M
103	21	65	M
103	22	70	M
103	23	70	M
104	1	27	F
104	2	30	F
104	3	25	F
104	4	22	F
104	5	23	F
104	6	17	M
104	7	34	M
104	8	46	M
104	9	28	M
104	10	17	M
104	11	75	M
104	12	75	M
104	13	13	M
104	14	56	M
104	15	49	M
104	16	20	M
104	17	50	M
104	18	45	F
104	19	33	M
104	20	18	F
104	21	18	M
104	22	46	F
104	23	39	F
104	24	52	M
104	25	15	M
105	1	20	M
105	2	24	M
105	3	20	M
105	4	16	M
105	5	15	M
105	6	20	M
105	7	21	F
105	8	16	M
105	9	15	F
105	10	26	M
105	11	35	F
105	12	53	M
105	13	16	F
105	14	18	F
105	15	18	F
105	16	17	F
105	17	29	F
105	18	18	F
105	19	25	F
105	20	27	F
105	21	16	M
105	22	17	M
105	23	17	F
105	24	15	F
105	25	17	F
105	26	17	M
105	27	17	M
106	1	21	F
106	2	40	M
106	3	20	F
106	4	65	M
106	5	57	M
106	6	20	M
106	7	22	F
106	8	39	F
106	9	48	M
106	10	22	M
106	11	25	M
106	12	58	F
106	13	21	M
106	14	20	M
106	15	44	M
106	16	45	F
106	17	21	M
106	18	18	M
106	19	19	F
106	20	18	M
106	21	19	F
106	22	36	F
106	23	22	F
106	24	37	F
106	25	17	F
107	1	15-16	F
107	2	16?	F
107	3	16?	F
107	4	17	F
107	5	20-22	F
107	6	22	F
107	7	??	F
107	8	30?	F
107	9	33-34?	F
107	10	40	F
107	11	40+	F
107	12	40-45	F
107	13	50?	F
107	14	17	M
107	15	20	M
107	16	20	M
107	17	22?	M
107	18	23	M
107	19	25?	M
107	20	26-28?	M
107	21	35?	M
107	22	35?	M
107	23	40+	M
107	24	53?	M
107	25	55?	M
108	1	27	F
108	2	31	F
108	3	25	F
108	4	52	F
108	5	*	*
108	6	14	F
108	7	*	*
108	8	25	F
108	9	20	M
108	10	28	M
108	11	38	M
108	12	39	M
108	13	27	M
108	14	28	M
108	15	22	F
108	16	59	F
108	17	38	F
108	18	25	F
108	19	16	F
108	20	24	F
108	21	18	F
108	22	26	F
108	23	35	F
108	24	16	F
108	25	30	F
109	1	65	M
109	2	60	M
109	3	49	F
109	4	56	F
109	5	73	F
109	6	48	M
109	7	42	F
109	8	64	M
109	9	61	M
109	10	44	M
109	11	28	M
109	12	76	M
109	13	36	F
109	14	30	F
109	15	71	F
109	16	29	F
109	17	32	F
109	18	54	F
109	19	72	M
109	20	56	F
109	21	58	F
109	22	25	F
109	23	63	M
109	24	43	F
109	25	76	F
110	1	36	M
110	2	21	M
110	3	35	M
110	4	26	M
110	5	29	M
110	6	29	M
110	7	23	M
110	8	60	M
110	9	55	M
110	10	43	M
110	11	22	M
110	12	42	M
110	13	25	F
110	14	50	F
110	15	40	F
110	16	18	F
110	17	27	F
110	18	22	F
110	19	29	F
110	20	23	F
110	21	29	F
110	22	22	F
110	23	40	F
110	24	57	F
110	25	30	M
